-1.680166196873052742e-01 -5.762480234709986826e-01 4.757723276645271782e-02 3.533427212488675084e-01 -1.318638058853560391e-01 -3.185086444110683118e-02 1.702734402138911252e-01
-5.222383318546780506e-01 2.316838487400890156e-01 -4.516972481666924055e-02 4.478563299440817963e-02 -6.762913831314396051e-02 -7.441069979158829173e-02 5.599246881034761897e-02
-2.506179631776007111e-01 -5.257061413223497182e-01 3.659560265444624511e-02 9.445247474538781551e-02 -8.527257592013028076e-02 2.884879628041902566e-01 2.875173456674985362e-01
-2.330026039052284503e-01 1.812109820685901262e-01 -1.381083280212090647e-01 -2.690415914990780810e-01 1.249693255227381401e-02 7.824186906526741092e-01 1.937257890435743202e-01
-5.073210879104601556e-01 1.080693125626758649e-01 -5.072381857147351819e-02 -2.989829465505948122e-02 -8.339010422541214690e-03 -2.035676807640185715e-01 -1.549069510104125469e-01
9.158845557568786157e-04 -7.675478143801750530e-02 9.828694479661345684e-02 -6.286071476785792811e-01 -5.560775523652299740e-02 -3.683286935004406182e-01 6.497330324337089458e-01
-4.554181767816040116e-02 1.777696678703438379e-02 -4.559379519203596298e-02 2.027495053142921999e-01 9.391361402403981540e-01 -3.185231918368817972e-02 2.639192611242566211e-01
4.690348046558800998e-01 -2.061590047881767529e-01 2.150763643800965574e-01 -1.317286003485882984e-01 6.814345553050461801e-02 1.646695203005334729e-01 -5.775967722114401515e-02
2.770146803212231723e-01 2.732568917895992766e-01 -2.169914135429901192e-01 1.897869968548099029e-01 -1.488783071882125442e-01 2.212401681017651944e-01 3.059761568822417788e-01
-7.712538401671911736e-02 2.552857261223062113e-01 6.379889770755898804e-01 -4.475172568498531761e-02 1.781105706757641488e-02 5.677717142689284874e-02 5.671621764202301741e-02
-7.008853911813522908e-02 9.573373222611297750e-02 6.727567054646721445e-01 2.325615946475883822e-01 -3.532563001667389513e-02 1.220335407575209724e-01 5.407625291892047964e-02
1.220527420769223631e-01 3.092952241458581941e-01 -8.942200706703777591e-02 4.952082025300079682e-01 -2.389535197595345495e-01 -1.604517544865114442e-01 4.783040674385962143e-01
